,0,1,2,3,4
Sample1006,0.030170331408498393,0.08233317438612156,0.20576215951209437,0.6375723633763841,0.044161971316901534
Sample1023,0.06939636598246272,0.00011428571518263556,0.6122812266771385,1.0300727290279863e-05,0.31819782089792603
Sample118,0.07696638219862338,9.999990000199594e-07,0.36523724076977787,0.0005365475206856228,0.5572588295119132
Sample120,0.6391950910267675,2.911931651499771e-06,0.36079579341733553,9.99999062887669e-07,5.203625182485898e-06
Sample127,0.007964829007471443,0.00043798993781277395,0.9915951810573866,9.999986645603265e-07,9.999986645603265e-07
Sample134,2.511840080241632e-06,9.999990069278157e-07,0.5802324354152476,0.0016650085912811336,0.4180990441543841
Sample177,0.5547554516790256,0.000334576569212945,0.4448774778769674,3.1493875358889905e-05,9.999994352736676e-07
Sample215,9.999990000062055e-07,0.0005102397001129583,0.5245482003303642,4.622901459362166e-06,0.4749359370690635
Sample230,0.024668612240845073,0.0702418496705913,0.6686695771817734,4.45913662266253e-06,0.23641550177016757
Sample234,0.0014874562563679573,9.999981762290414e-07,0.6652267609818455,9.999981762290414e-07,0.33328378276543413
Sample244,0.03373611671194864,9.999980202343045e-07,0.6886103794130308,9.999980202343045e-07,0.27765150387898013
Sample261,9.999991433982615e-07,9.999991433982615e-07,0.9962703857478652,0.0005188617186939171,0.0032087525351541767
Sample263,9.999999104340329e-07,0.00037042459484159216,0.17534087223602712,0.8097790698547762,0.014508633314444574
Sample290,0.04742762355434733,0.01958091006686056,0.8476820701392924,9.999990022030822e-07,0.08530839624049744
Sample302,0.10456598719521927,0.03254643880772751,0.6656823165039746,0.0002647127207732838,0.19694054477230533
Sample321,9.999990000055046e-07,0.0009631534692741265,0.506266862087331,7.971955382242496e-05,0.49268926489057263
Sample330,0.03680288442177582,9.999980004872272e-07,0.7520234871552316,9.999980004872272e-07,0.21117162842699164
Sample343,0.07506628765988937,9.999999981897125e-07,0.8883839175355946,5.231816418447973e-06,0.036543562988099236
Sample353,0.03789443497529654,0.33713050645023035,0.50946652094497,0.02482596040956651,0.09068257721993667
Sample371,0.014016205071027086,0.04791701852795858,0.9380647764049941,9.999980102164105e-07,9.999980102164105e-07
Sample387,0.010226302356426143,0.2090848086722833,0.7806868889748318,9.999982294540353e-07,9.999982294540353e-07
Sample409,0.00849212829108867,0.11926256469725438,0.8539675049853379,7.017952163989281e-05,0.018207622504679243
Sample416,0.024612963706469627,0.00035503746659258504,0.3974395364350512,0.5656476309329812,0.011944831458905566
Sample424,0.04306072239355774,0.2703292256597811,0.16134268496685333,9.999990036359047e-07,0.5252663669808042
Sample427,0.04999842062752601,9.999980126867071e-07,0.8197836131438743,9.999980126867071e-07,0.13021596623257434
Sample454,0.0778438296683084,1.3345906006574628e-06,0.6750542270303526,9.999990000010032e-07,0.24709960871173847
Sample477,0.03524453822778435,0.00017193571165145983,0.9645815260645643,9.99998000004021e-07,9.99998000004021e-07
Sample482,0.0449548486881323,2.8515656394070798e-05,0.9549105432749655,1.2188126446373806e-05,9.390425406185912e-05
Sample491,0.1508630333643996,0.00027228624448229183,0.8363539393678469,9.99999032537261e-07,0.012509741024238834
Sample495,0.0014069952447602263,0.19599305827491828,0.8004408762223612,0.00215807025896018,9.999990000092847e-07
Sample507,6.163552533719229e-05,4.175055963380296e-05,2.8162022896623217e-06,0.00016408754181108183,0.9997297101709283
Sample509,0.06101379543948443,0.04325543572571006,0.8957214358546479,9.999990125045809e-07,8.332981144983964e-06
Sample512,0.05041389963613679,0.017410338653264915,0.8936434771058285,9.999990000020705e-07,0.03853128460576985
Sample522,0.02472761683908295,0.05330327729016439,0.9213076042813585,2.2808360689859246e-05,0.0006386932287043275
Sample548,0.9524186004747047,2.217824361860802e-05,0.0008017346457159775,2.512908692070841e-06,0.04675497372726872
Sample564,0.015873590287050553,0.12239582110005033,0.7008295419994642,0.1588255231201685,0.002075523493266335
Sample609,0.14465292561303103,9.999991062718795e-07,0.7790596796832111,0.00013445641250915707,0.07615193829214259
Sample616,0.024067687254326564,0.2233092931059257,0.5540428219280643,0.19850750275705492,7.269495462860638e-05
Sample620,0.023151453943844102,0.021078283874135895,0.7477193366931032,9.999990001210037e-07,0.2080499254899166
Sample624,0.010283174237835986,0.03432406290771167,0.20987960719849239,0.7101660975230816,0.035347058132878355
Sample631,9.999990051348958e-07,0.0389860338621634,0.7586818717162869,0.0021120772156176344,0.20021901720692695
Sample687,0.021896875534113135,0.10398837530033084,0.8741117533222161,1.9958443398385482e-06,9.999990000010073e-07
Sample710,0.09185198193983517,0.00040107458231354907,0.6127459134650132,3.307758178886477e-05,0.2949679524310494
Sample712,0.17434222609930444,4.1054972171630094e-05,0.5755577841194295,9.99999326124984e-07,0.25005793480976835
Sample717,9.999990000146752e-07,0.2873974817917999,0.2453310557617875,0.002191754205159342,0.4650787082422533
Sample733,0.03683029818195865,0.11522416296794925,0.758330473712244,0.08836396551214659,0.001251099625701541
Sample746,0.00012831340740228857,0.0001370909247936941,0.511318860461153,0.0009710097495933809,0.48744472545705764
Sample759,0.05717648340688409,9.999985624485343e-07,0.9066368389669323,9.999985624485343e-07,0.03618467762905871
Sample767,2.4780382541000743e-06,0.00646162109802296,0.9897983814754726,0.00024094037095473382,0.0034965790172956654
Sample803,0.0008613542046173825,0.02630003214281495,0.9725749729858275,0.00026264066773839,9.999990017249823e-07
Sample812,1.243881403640893e-06,0.08153927429470706,0.7979314292033998,0.0006574977957853221,0.11987055482470417
Sample827,0.013444275358954134,0.000201979446167204,0.8708847951026096,5.5749232521059066e-05,0.11541320085974797
Sample838,0.00032667552033607605,9.999990246627182e-07,0.8461853089434447,3.1738256026315044e-05,0.15345527728116815
Sample853,0.014475080838526885,0.0005787231591446635,0.878113784278626,3.871179494505262e-06,0.10682854054420803
Sample868,9.999990000010115e-07,0.1129832508081492,0.8847289593611234,3.911548501049126e-06,0.002282878283226239
Sample871,0.18400343209750594,0.19142943048406838,0.6245651374222987,9.999980635464017e-07,9.999980635464017e-07
Sample872,5.5531691054475854e-06,0.9985943904892025,0.0002829658012584558,0.001092895372343034,2.419516809057788e-05
Sample882,0.16022560694511795,1.0716731057915595e-06,0.8397559718975742,9.999996847754024e-07,1.6349484517203077e-05
Sample904,0.008670324462893309,0.17147912296799994,0.05155180583579169,0.7428690174143884,0.02542972931892678
Sample906,0.15598169906025447,0.025567169997861825,0.8133368644941835,9.999990921720877e-07,0.005113266448607815
Sample919,0.00011796029674969589,6.5774372627679164e-06,0.9998638284306716,9.999990000011369e-07,1.0633836315839255e-05
Sample943,0.05041208599012322,0.0004265267687141045,0.9491593872431673,9.99998997742355e-07,9.99998997742355e-07
Sample961,0.04751303164694492,9.999986345461875e-07,0.6010782571454929,9.999986345461875e-07,0.3514067112102932
Sample983,0.07094802712666216,9.99998000322411e-07,0.753687226376647,0.17536274650069014,9.99998000322411e-07
